15221138
2104224
20466810
297852446
312282219
470135292
462419885
441433483
225429712
209968966
449447185
255556598
356563948
356552458
224100373
460399003
86560264
357437253
357437253
115466940
242092310
475574698
357118432
318086825
226496567
302788764
302825590
168026268
302769618
168065567
299116047
118353579
323456704
118353043
145543538
260795559
390361930
390361928
198422628
449662287
167526329
470458362
330804046
118388848
470262207
281209969
348514870
125826092
118376099
470364367
281203402
29028281
432864834
66813444
196259968
466001522
340516110
330801561
77683091
147902631
330797916
408389879
380494525
410899571
402852846
470631936
363741964
340514755
466022915
358377526
342890043
477519091
281343162
301766612
475676814
367044388
477520077
46126677
475670307
397503210
332250466
110815863
54609912
93204873
355557517
380484952
477529081
158259237
380089399
297666541
116204465
345800773
291399584
367048675
472355947
429855240
310790581
471407208
367031136
194674083
440908554
171678836
126360625
358400353
444728211
470424568
322710508
395841093
66816419
478503668
358388229
367047937
348570968
345560440
310793318
310793318
406863746
395526831
342872263
320588804
380093234
338722243
85089421
224079983
119473909
408399687
402075833
471573798
440469446
389623597
346979721
302404684
336473252
121712218
45360220
358389995
21622520
126256568
431906355
471563977
367038415
470305926
212539698
342886856
477509710
342889256
340966921
189202406
9049274
440634924
322693109
407923991
154319756
347842277
242803904
399166408
171694213
475668539
320587339
85089519
407916672
198425679
336467065
340905098
156039239
156039239
66816413
400602397
765296
451997553
255931717
367053221
66822497
477527527
410966190
66806245
296423117
330840615
193290459
340521138
67902550
7322080
322699243
146324040
115432968
396468894
193290461
238503313
425773504
367025477
470310299
317148430
336463769
350295840
85115820
255956671
166714351
358380368
121717669
260828510
346321887
46109958
408398583
402075909
346977870
302420713
380484187
302897927
322698215
342889232
46136355
260807409
46114362
239606765
429848293
302420713
408396363
346977870
302894079
116198277
390336871
390336873
367019420
390357358
408393352
327300713
346975162
336275761
367019420
242803904
326468610
326479909
212539698
451997553
429848293
67902550
347841991
449476566
389622853
367025477
477527527
396468894
291231773
402075909
310799006
363739812
408389879
46126677
326929559
395513540
334326925
